Orca6
1 (255,255,255); (20,20,20); (89,94,98);
2 (255,255,255); (20,20,20); (168,168,168); (0,126,187); (192,255,0); (0,156,122); (250,0,0); (211,46,100); (255,102,0);
3 (255,255,255); (20,20,20); (168,168,168); (0,126,187); (192,255,0); (0,156,122); (250,0,0); (211,46,100); (255,102,0);
4 (255,255,255); (20,20,20); (168,168,168); (0,126,187); (192,255,0); (0,156,122); (250,0,0); (211,46,100); (255,102,0);
5 (255,255,255); (20,20,20); (168,168,168); (0,126,187); (192,255,0); (0,156,122); (250,0,0); (211,46,100); (255,102,0);
6 (255,255,255); (20,20,20); (168,168,168); (0,126,187); (192,255,0); (0,156,122); (250,0,0); (211,46,100); (255,102,0);

Cabrio
1 (255,255,255);
2 (255,255,255);
3 (255,255,255);
4 (255,255,255); (197,232,108); (4,106,56); (120,47,64); (239,51,64); (152,37,81); (254,219,0); (255,199,44);
5 (255,255,255); (20,20,20); (168,168,168); (0,126,187); (192,255,0); (0,156,122); (250,0,0); (211,46,100); (255,102,0);